nn = [5,10,50];
